10	1	110	14
17	1	114	16
24	1	121	21
31	1	136	28
39	1	151	32
46	1	162	38
53	1	176	42
60	1	190	49
67	1	201	50
74	1	209	53
82	1	217	56
89	1	222	56
96	1	224	56
103	1	227	56
109	1	228	56
123	1	229	56
152	1	230	56
159	1	230	56
166	1	231	56
173	1	232	56
1911	1	5	50
1917	1	13	50
1924	1	21	50
1932	1	29	50
1937	1	37	50
1944	1	45	49
1952	1	52	49
1959	1	58	48
1964	1	62	46
1972	1	66	45
1979	1	69	45
1986	1	71	44
1992	1	73	44
1999	1	73	44
2013	1	73	44
2018	1	72	44
2025	1	71	45
2033	1	70	45
2040	1	69	45
2045	1	68	45
2053	1	67	45
2060	1	66	45
2067	1	65	45
2072	1	64	46
2080	1	64	46
2094	1	64	46
2099	1	64	47
2106	1	65	47
2114	1	66	48
2121	1	66	49
2126	1	68	50
2134	1	69	51
2141	1	71	52
2148	1	72	54
2154	1	74	55
2161	1	75	56
2168	1	77	57
2176	1	78	58
2181	1	79	59
2188	1	79	60
2196	1	80	61
2203	1	80	61
2209	1	81	61
2216	1	81	61
2222	1	81	60
2229	1	82	60
2233	1	82	59
2241	1	82	59
2248	1	82	58
2253	1	82	58
2261	1	82	58
2275	1	82	58
2287	1	81	57
2309	1	81	57
2314	1	82	57
2321	1	82	56
2328	1	82	55
2329	2	82	55
2375	2	83	51
2382	2	83	50
2390	2	83	50
2395	2	83	49
2402	2	83	49
2410	2	83	49
2417	2	83	49
2422	2	83	48
2429	2	83	48
2436	2	83	48
2441	2	83	48
2447	2	83	48
2454	2	83	48
2461	2	83	48
2468	2	83	48
2474	2	83	48
2496	2	83	48
2501	2	83	48
2508	2	84	48
2515	2	84	49
2522	2	84	50
2528	2	84	51
2535	2	85	53
2542	2	86	55
2550	2	86	57
2555	2	87	61
2562	2	88	64
2570	2	89	68
2577	2	90	72
2583	2	91	77
2590	2	92	83
2597	2	93	89
2604	2	94	95
2610	2	95	101
2617	2	96	106
2624	2	97	111
2630	2	98	116
2637	2	99	120
2645	2	99	124
2652	2	100	127
2659	2	101	130
2665	2	101	132
2671	2	102	134
2678	2	102	135
2685	2	102	135
2691	2	102	135
2705	2	102	136
2733	2	102	136
2740	2	102	136
2745	2	102	135
2752	2	102	135
2760	2	102	135
2767	2	102	135
2772	2	102	135
2779	2	103	135
2787	1	103	134
2794	1	103	133
2799	1	104	131
2807	1	103	128
2814	1	103	125
2819	1	103	121
2826	1	103	116
2834	1	103	109
2841	1	105	100
2848	1	106	91
2853	1	108	81
2860	1	109	71
2867	1	110	61
2874	1	112	53
2880	1	114	44
2887	1	115	38
2894	1	117	33
2901	1	118	29
2906	1	119	27
2913	1	120	25
2921	1	121	24
2927	1	122	22
2932	1	123	20
2940	1	124	17
2947	1	125	13
2954	1	126	9
2959	1	127	4
3055	1	121	3
3062	1	120	9
3068	1	119	15
3075	1	118	21
3082	1	117	27
3088	1	116	33
3095	1	116	37
3103	1	116	40
3110	1	116	42
3115	1	116	44
3122	1	116	45
3130	1	116	47
3137	1	116	49
3144	1	116	51
3150	1	115	53
3157	1	115	55
3164	1	114	57
3171	1	113	59
3177	1	112	60
3184	1	111	61
3191	1	111	61
3197	1	110	62
3204	1	110	62
3211	1	110	62
3218	1	110	61
3224	1	110	60
3231	1	110	60
3238	1	111	59
3245	1	111	58
3253	1	111	58
3265	1	111	57
3280	1	111	58
3285	1	110	58
3292	1	110	59
3300	1	109	60
3305	1	109	61
3312	1	109	61
3320	1	109	62
3327	1	109	63
3334	1	109	63
3339	1	110	63
3345	1	111	64
3353	1	112	64
3359	1	113	64
3363	1	114	64
3370	1	115	64
3377	1	116	64
3384	1	117	63
3390	1	118	63
3397	1	119	62
3404	1	120	62
3411	1	121	61
3417	1	122	60
3424	1	123	60
3431	1	123	60
3451	1	123	60
3458	1	122	60
3464	1	122	60
3471	1	122	60
3478	1	121	60
3485	1	121	59
3491	1	121	59
3498	1	121	59
3512	1	121	59
3518	1	121	58
3524	1	122	58
3532	1	122	58
3539	1	122	58
3544	1	123	57
3551	1	123	57
3558	1	124	57
3571	1	124	57
3600	1	124	56
3605	1	125	56
3612	1	125	56
3619	1	125	56
3625	1	125	56
3632	1	126	56
3639	1	126	57
3646	1	127	57
3653	1	127	57
3659	1	128	57
3666	1	128	57
3673	1	129	57
3678	1	129	58
3685	1	129	58
3692	1	130	58
3700	1	130	59
3707	1	130	60
3712	1	130	61
3719	1	129	62
3727	1	129	63
3734	1	128	63
3739	1	128	64
3746	1	127	65
3754	1	127	66
3759	1	126	66
3766	1	126	67
3774	1	125	67
3781	1	125	67
3782	2	125	67
3852	2	123	63
3859	2	123	62
3866	2	124	61
3872	2	124	60
3879	2	125	59
3886	2	126	57
3894	2	127	56
3899	2	128	55
3906	2	129	53
3914	2	131	52
3921	2	132	51
3926	2	134	50
3934	2	135	49
3941	2	137	48
3948	2	138	48
3953	2	140	47
3960	2	142	46
3968	2	143	46
3975	2	145	46
3981	2	147	45
3988	2	149	45
3995	2	150	45
4001	2	152	45
4008	2	154	45
4014	2	155	45
4021	2	157	46
4028	2	158	46
4033	2	159	46
4040	2	160	47
4048	2	161	48
4055	2	162	48
4061	2	163	49
4068	2	163	50
4075	2	164	51
4081	2	165	53
4088	2	166	54
4095	2	166	56
4103	2	167	57
4110	2	167	59
4115	2	168	60
4123	2	168	62
4130	2	168	63
4137	2	168	64
4142	2	168	65
4149	2	167	66
4157	2	167	68
4161	2	166	69
4166	2	166	70
4174	2	165	72
4181	2	164	73
4186	2	163	75
4194	2	162	76
4201	2	161	77
4208	2	160	79
4216	2	159	80
4221	2	158	82
4228	2	156	83
4235	2	155	84
4243	2	154	86
4248	2	153	87
4255	2	152	88
4263	2	151	89
4270	2	150	90
4275	2	149	92
4282	2	148	93
4290	2	147	94
4295	2	146	96
4302	2	144	98
4310	2	143	100
4317	2	143	102
4323	2	142	103
4330	2	141	105
4337	2	140	107
4345	2	140	108
4350	2	139	109
4357	2	139	110
4365	2	138	111
4372	2	138	112
4377	2	138	114
4385	2	138	115
4392	2	137	116
4399	2	137	117
4407	2	137	118
4412	2	136	119
4419	2	136	120
4427	2	136	121
4432	2	135	122
4439	2	135	123
4447	2	135	124
4454	2	135	124
4461	2	134	125
4465	2	134	125
4472	2	134	126
4478	2	134	126
4484	2	134	126
4498	2	134	127
4505	2	134	127
4533	2	134	126
4540	2	134	126
4546	2	135	125
4553	2	135	125
4560	2	136	124
4567	2	137	124
4573	2	138	123
4580	2	139	122
4587	2	140	121
4595	2	142	120
4600	2	144	120
4607	2	146	119
4615	2	148	119
4622	2	151	119
4627	2	153	119
4635	2	154	119
4642	2	156	119
4649	2	158	119
4655	2	160	120
4662	2	161	120
4669	2	163	121
4676	2	165	122
4682	2	166	122
4689	2	167	123
4696	2	168	124
4704	2	169	124
4709	2	171	124
4716	2	172	124
4723	2	173	123
4731	2	174	122
4736	2	175	121
4743	2	176	120
4751	2	177	119
4758	2	178	119
4763	2	179	118
4771	2	179	118
4778	2	179	118
4785	2	180	117
4791	2	180	117
4798	2	180	117
4805	2	180	117
4812	2	179	117
4818	2	179	117
4825	2	179	118
4832	2	178	118
4839	1	178	118
4844	1	177	118
4852	1	177	118
4859	1	176	118
4866	1	176	117
4871	1	176	117
4878	1	177	116
4886	1	178	116
4891	1	179	115
4898	1	180	114
4906	1	182	113
4913	1	183	111
4918	1	185	110
4925	1	186	108
4932	1	188	106
4940	1	190	104
4945	1	192	101
4952	1	195	99
4960	1	197	98
4967	1	200	96
4974	1	203	95
4980	1	207	93
4986	1	211	92
4994	1	215	90
5001	1	218	88
5006	1	221	87
5013	1	223	86
5021	1	225	85
5026	1	228	84
5033	1	230	83
5040	1	231	82
5047	1	233	81
5055	1	234	80
5060	1	233	79
5067	1	233	78
5074	1	232	77
5079	1	230	76
5087	1	229	75
5093	1	227	74
5101	1	226	74
5108	1	225	73
5113	1	224	72
5120	1	222	72
5127	1	221	71
5134	1	220	71
5139	1	219	70
5146	1	218	70
5153	1	217	69
5159	1	216	69
5166	1	215	69
5173	1	214	68
5180	1	214	68
5186	1	214	67
5192	1	213	67
5199	1	213	67
5206	1	213	66
5212	1	213	66
5219	1	213	66
5226	1	213	65
5234	1	213	65
5241	1	213	64
5246	1	213	64
5253	1	214	64
5261	1	214	63
5273	1	214	63
5287	1	213	63
5307	1	213	63
5315	1	213	62
5322	1	213	62
5334	1	212	62
5341	1	212	61
5347	1	212	61
5354	1	212	61
5361	1	212	60
5365	1	212	60
5371	1	211	60
5378	1	211	60
5385	1	211	59
5392	1	211	59
5400	1	211	59
5405	1	210	59
5412	1	210	59
5419	1	210	59
5426	1	209	59
5432	1	209	59
5439	1	209	59
5451	1	208	59
5458	1	208	59
5466	1	208	59
5473	1	208	59
5474	2	208	59
5539	2	205	55
5546	2	205	55
5551	2	205	54
5556	2	205	54
5562	2	206	53
5569	2	206	53
5576	2	207	52
5584	2	207	51
5589	2	208	50
5596	2	210	50
5603	2	211	49
5611	2	213	48
5616	2	215	47
5624	2	218	46
5631	2	220	46
5636	2	223	45
5644	2	225	45
5651	2	227	44
5658	2	230	44
5664	2	232	45
5671	2	233	45
5678	2	235	45
5686	2	236	46
5693	2	238	47
5699	2	239	48
5706	2	240	49
5713	2	241	50
5719	2	242	51
5726	2	243	52
5733	2	244	53
5740	2	244	54
5745	2	245	55
5752	2	245	57
5760	2	245	58
5767	2	245	59
5773	2	245	60
5780	2	245	60
5787	2	245	61
5795	2	245	62
5800	2	244	63
5807	2	244	64
5814	2	243	65
5822	2	242	66
5827	2	241	67
5834	2	240	68
5842	2	239	69
5849	2	238	70
5855	2	236	71
5862	2	235	72
5869	2	234	73
5877	2	232	74
5882	2	231	74
5889	2	229	75
5897	2	227	76
5904	2	226	76
5910	2	224	77
5917	2	222	77
5924	2	221	77
5932	2	219	78
5939	2	218	78
5944	2	217	78
5952	2	217	78
5966	2	217	78
5977	2	217	78
5984	2	217	78
5990	2	218	78
5997	2	219	77
6004	2	220	77
6011	2	222	76
6017	2	224	76
6024	2	226	75
6031	2	228	74
6036	2	231	74
6044	2	233	73
6049	2	235	73
6056	2	238	72
6064	2	240	72
6069	2	242	73
6076	2	244	73
6084	2	246	73
6091	2	248	74
6098	2	250	74
6104	2	252	75
6111	2	253	75
6118	2	255	76
6124	2	256	77
6131	2	257	78
6138	2	258	79
6146	2	259	80
6151	2	260	81
6159	2	261	82
6166	2	261	83
6173	2	262	84
6178	2	262	85
6184	2	263	86
6192	2	263	87
6199	2	263	88
6204	2	263	89
6212	2	263	90
6219	2	263	91
6226	2	263	92
6233	2	262	93
6239	2	261	95
6246	2	260	96
6253	2	260	97
6258	2	258	99
6266	2	257	100
6273	2	256	102
6280	2	254	104
6285	2	252	105
6292	2	250	107
6300	2	247	108
6307	2	245	109
6314	2	242	110
6319	2	240	111
6326	2	238	112
6334	2	236	112
6339	2	234	113
6346	2	232	113
6353	2	230	113
6360	2	229	113
6366	2	227	113
6373	2	226	112
6380	2	225	112
6388	2	223	112
6393	2	222	111
6400	2	221	111
6407	2	220	111
6414	2	219	111
6420	2	219	111
6427	2	218	111
6434	2	218	111
6441	1	219	110
6447	1	219	110
6454	1	220	110
6461	1	221	109
6468	1	222	109
6473	1	223	108
6481	1	224	108
6488	1	226	107
6495	1	228	106
6500	1	231	106
6507	1	233	105
6515	1	236	104
6522	1	239	103
6529	1	243	101
6534	1	247	100
6542	1	251	98
6549	1	255	96
6556	1	259	94
6561	1	263	92
6569	1	268	91
6576	1	273	89
6581	1	279	88
6588	1	285	86
6595	1	291	85
6603	1	297	83
6610	1	303	83
6615	1	309	82
6622	1	313	82
6629	1	317	82
6635	1	319	82
6642	1	320	82
6649	1	319	82
6656	1	318	83
6663	1	316	83
6669	1	313	83
6676	1	311	84
6683	1	308	84
6689	1	306	84
6696	1	304	84
6703	1	303	84
6710	1	302	84
6716	1	301	84
6723	1	300	84
6730	1	299	84
6737	1	298	84
6743	1	297	83
6750	1	297	83
6757	1	297	82
6764	1	297	81
6770	1	297	80
6777	1	297	79
6784	1	297	79
6791	1	297	78
6797	1	297	77
6804	1	296	76
6811	1	296	76
6819	1	296	75
6821	1	295	74
6829	1	294	74
6836	1	294	73
6843	1	293	73
6848	1	293	72
6855	1	292	71
6862	1	292	71
6870	1	292	70
6875	1	292	69
6882	1	292	68
6889	1	293	67
6897	1	293	66
6902	1	293	65
6909	1	293	64
6917	1	293	64
6924	1	293	63
6929	1	293	62
6937	1	293	61
6944	1	293	60
6951	1	293	59
6957	1	293	58
6964	1	293	57
6971	1	293	56
6979	1	293	56
6984	1	293	54
6991	1	293	53
6998	1	294	52
7005	1	294	51
7011	1	294	50
7018	1	295	49
7025	1	295	47
7032	1	296	46
7038	1	296	46
7045	1	297	45
7052	1	297	44
7059	1	298	44
7065	1	298	43
7072	1	298	43
7078	1	298	42
7079	2	298	42
7158	2	297	46
7165	2	297	47
7171	2	297	48
7178	2	297	49
7185	2	296	51
7192	2	296	52
7198	2	296	54
7205	2	296	56
7212	2	296	58
7219	2	295	60
7225	2	295	62
7232	2	294	64
7239	2	294	67
7246	2	293	70
7252	2	292	72
7259	2	292	75
7266	2	291	77
7273	2	290	80
7279	2	290	82
7286	2	289	85
7293	2	288	87
7300	2	288	89
7305	2	287	91
7313	2	286	93
7320	2	286	95
7327	2	285	97
7333	2	285	99
7340	2	284	100
7347	2	283	102
7355	2	283	103
7360	2	282	104
7367	2	282	105
7375	2	281	105
7382	2	281	106
7388	2	281	106
7393	2	280	107
7420	2	280	107
7435	2	280	107
7440	2	280	107
7447	2	281	107
7455	2	281	106
7462	2	281	106
7467	2	282	106
7475	2	283	106
7482	2	283	105
7489	2	284	105
7494	2	285	105
7502	2	286	104
7509	2	287	104
7516	2	289	104
7521	2	291	103
7528	2	293	103
7535	2	295	103
7543	2	298	102
7548	2	301	102
7555	2	304	101
7562	2	307	101
7569	2	311	101
7575	2	314	100
7582	2	317	100
7589	2	320	100
7596	2	323	100
7602	2	326	100
7608	2	329	100
7615	2	331	100
7623	2	333	101
7628	2	335	101
7635	2	337	101
7643	2	338	102
7650	2	339	102
7657	2	340	102
7663	2	341	102
7670	2	341	102
7682	2	341	102
7689	2	341	102
7696	2	341	101
7704	2	340	101
7709	2	340	100
7716	2	340	99
7723	2	339	98
7730	1	339	98
7736	1	338	97
7743	1	337	97
7750	1	336	97
7757	1	336	97
7763	1	335	97
7770	1	334	96
7777	1	333	96
7785	1	332	95
7790	1	332	95
7797	1	331	94
7805	1	330	94
7812	1	329	93
7817	1	328	92
7825	1	328	92
7832	1	327	91
7839	1	326	90
7845	1	325	89
7852	1	325	89
7859	1	324	88
7866	1	323	87
7871	1	323	86
7879	1	322	86
7886	1	322	85
7893	1	322	85
7898	1	321	84
7905	1	321	84
7913	1	321	83
7920	1	320	83
7925	1	320	82
7932	1	320	82
7934	2	320	82
7974	2	318	78
7979	2	318	78
7986	2	318	78
7993	2	318	78
8000	2	318	78
8006	2	318	78
8013	2	318	79
8020	2	318	80
8027	2	319	81
8033	2	319	83
8040	2	319	85
8047	2	320	87
8055	2	320	90
8057	2	321	93
8064	2	321	96
8071	2	322	100
8078	2	322	104
8084	2	322	107
8091	2	323	110
8098	2	323	113
8106	2	324	116
8111	2	324	118
8118	2	324	120
8125	2	325	123
8133	2	325	125
8138	2	325	126
8145	2	325	128
8153	2	326	129
8160	2	326	129
8165	2	326	130
8172	2	326	130
8187	2	326	130
8193	2	326	130
8200	2	326	130
8207	2	326	130
8214	2	325	129
8220	1	325	129
8227	1	324	128
8234	1	323	127
8242	1	323	126
8247	1	322	125
8254	1	322	124
8262	1	322	123
8269	1	322	123
8274	1	324	122
8282	1	326	121
8289	1	328	120
8296	1	331	119
8302	1	334	119
8309	1	336	119
8316	1	337	119
8323	1	337	121
8329	1	335	122
8336	1	333	125
8343	1	329	128
8350	1	325	131
8356	1	319	135
8363	1	312	139
8370	1	304	144
8377	1	296	150
8383	1	288	156
8389	1	279	162
8397	1	270	169
8403	1	260	175
8409	1	249	181
8416	1	239	187
8423	1	228	192
8430	1	217	197
8436	1	206	201
8443	1	196	206
8450	1	187	210
8457	1	178	214
8463	1	170	217
8470	1	163	219
8477	1	158	221
8484	1	152	222
8490	1	148	223
8497	1	144	223
8504	1	141	223
8510	1	139	223
8516	1	137	222
8522	1	135	221
8529	1	133	221
8536	1	132	220
8541	1	131	220
8548	1	130	220
8554	1	129	220
8561	1	128	220
8566	1	126	221
8573	1	125	221
8580	1	123	221
8587	1	121	222
8592	1	119	221
8599	1	117	221
8606	1	115	220
8612	1	113	219
8617	1	110	218
8624	1	108	217
8630	1	105	217
8637	1	103	216
8642	1	100	216
8649	1	97	216
8656	1	95	216
8663	1	93	216
8668	1	91	215
8675	1	90	215
8682	1	89	215
8689	1	88	214
8695	1	87	213
8702	1	86	212
8709	1	85	211
8716	1	84	211
8722	1	83	210
8729	1	83	210
8736	1	82	209
8743	1	82	208
8749	1	82	208
8756	1	82	207
8763	1	82	206
8770	1	82	206
8776	1	82	205
8783	1	82	204
8790	1	81	203
8798	1	81	202
8801	1	81	202
8808	1	80	201
8816	1	80	200
8823	1	79	199
8828	1	79	198
8835	1	79	197
8842	1	79	196
8849	1	78	195
8855	1	78	194
8862	1	78	193
8869	1	78	192
8876	1	78	191
8882	1	78	191
8889	1	78	190
8896	1	78	189
8903	1	78	188
8909	1	78	188
8916	1	78	187
8923	1	78	187
8931	1	78	186
8936	1	77	186
8951	1	77	186
8958	1	77	186
8964	1	76	185
8978	1	76	185
8985	1	75	185
8986	2	75	185
9079	2	79	186
9087	2	82	185
9094	2	84	185
9099	2	87	184
9106	2	90	183
9114	2	93	182
9121	2	96	181
9126	2	98	181
9134	2	100	180
9141	2	102	180
9148	2	103	180
9154	2	104	180
9161	2	105	180
9169	2	106	180
9175	2	106	180
9188	2	106	180
9195	2	106	180
9208	2	106	180
9215	2	106	180
9222	2	105	180
9229	2	105	180
9235	2	104	180
9242	2	103	181
9250	2	102	181
9257	2	101	182
9262	1	100	182
9270	1	99	183
9277	1	99	183
9284	1	98	184
9290	1	96	184
9297	1	95	184
9305	1	94	185
9312	1	92	185
9317	1	91	185
9325	1	89	185
9332	1	88	186
9339	1	87	186
9345	1	86	186
9352	1	85	187
9359	1	84	187
9366	1	83	187
9372	1	83	187
9379	1	82	187
9386	1	82	187
9393	1	81	187
9399	1	81	187
9406	1	80	187
9413	1	80	187
9420	1	79	186
9421	2	79	186
9521	2	77	191
9529	2	77	193
9534	2	77	195
9541	2	78	197
9549	2	78	199
9556	2	79	201
9561	2	79	203
9569	2	80	205
9576	2	80	207
9583	2	81	208
9589	2	81	209
9596	2	81	210
9604	2	81	210
9613	2	81	210
9618	2	82	210
9626	2	82	209
9633	2	83	208
9638	2	83	207
9646	2	84	206
9653	2	86	205
9660	2	87	204
9666	2	89	203
9673	2	91	202
9680	2	93	202
9687	2	95	202
9693	2	98	202
9700	2	100	202
9707	2	103	203
9715	2	105	204
9720	2	107	205
9728	2	109	207
9735	2	111	209
9742	2	112	212
9748	2	113	214
9755	2	114	216
9762	2	115	219
9769	2	114	221
9775	2	113	224
9782	2	111	226
9789	2	109	228
9797	2	107	230
9802	2	104	231
9809	2	101	232
9817	2	98	233
9824	2	95	233
9830	2	92	233
9837	2	89	233
9844	2	88	233
9849	2	87	232
9854	2	86	232
9861	2	86	232
9868	2	86	232
9875	2	87	233
9880	1	89	233
9888	1	91	233
9895	1	93	232
9902	1	95	232
9908	1	98	231
9915	1	101	230
9922	1	105	229
9929	1	109	228
9935	1	112	227
9942	1	116	226
9949	1	120	225
9956	1	123	224
9962	1	125	223
9969	1	127	222
9976	1	129	220
9984	1	131	219
9989	1	132	218
9996	1	133	217
10003	1	134	215
10011	1	135	213
10016	1	135	212
10023	1	135	210
10031	1	135	208
10037	1	135	206
10043	1	135	204
10050	1	135	202
10057	1	134	201
10065	1	134	200
10070	1	134	199
10077	1	134	198
10085	1	134	197
10092	1	134	196
10097	1	134	195
10105	1	135	194
10112	1	135	193
10119	1	136	192
10125	1	136	191
10132	1	137	191
10139	1	137	190
10146	1	138	189
10152	1	138	189
10159	1	139	188
10166	1	139	188
10174	1	139	188
10179	1	140	187
10186	1	140	187
10194	1	140	186
10201	1	141	186
10206	1	142	185
10214	1	142	184
10220	1	143	183
10227	1	143	182
10233	1	144	182
10240	1	144	181
10247	1	145	181
10254	1	145	180
10260	1	145	179
10267	1	146	179
10274	1	146	178
10281	1	146	177
10286	1	147	177
10291	1	147	176
10298	1	147	175
10305	1	148	175
10311	1	148	174
10318	1	149	174
10325	1	150	173
10332	1	150	172
10338	1	150	172
10345	1	151	172
10352	1	151	171
10360	1	151	171
10365	1	151	170
10372	1	151	170
10380	1	151	169
10380	2	151	169
10426	2	147	166
10433	2	147	166
10440	2	146	166
10445	2	145	166
10452	2	144	167
10459	2	143	168
10466	2	142	169
10471	2	141	171
10479	2	139	173
10486	2	138	176
10493	2	136	180
10499	2	135	183
10506	2	134	187
10513	2	133	191
10520	2	133	195
10523	2	133	199
10530	2	133	203
10538	2	134	206
10545	2	135	209
10550	2	137	212
10558	2	138	214
10565	2	140	216
10572	2	142	217
10577	2	145	218
10585	2	147	219
10592	2	150	219
10599	2	152	219
10604	2	155	219
10612	2	157	218
10619	2	159	217
10626	2	161	216
10632	2	162	214
10639	2	163	213
10646	2	164	211
10654	2	164	210
10659	2	164	209
10666	2	163	207
10673	2	162	206
10681	2	160	204
10686	2	159	203
10693	2	157	202
10700	2	154	202
10707	2	152	201
10713	2	149	201
10720	2	146	202
10727	2	143	202
10734	2	141	203
10740	2	139	204
10744	2	138	205
10751	2	137	206
10758	2	137	208
10764	2	138	209
10771	1	139	210
10778	1	140	210
10785	1	143	210
10790	1	145	209
10797	1	148	207
10805	1	151	206
10812	1	155	205
10817	1	159	203
10824	1	163	202
10831	1	168	201
10839	1	173	199
10844	1	177	198
10851	1	181	197
10858	1	184	196
10865	1	187	195
10871	1	190	194
10878	1	192	193
10885	1	193	192
10892	1	193	191
10898	1	193	191
10905	1	192	190
10912	1	192	189
10919	1	190	188
10925	1	189	187
10932	1	188	186
10939	1	187	185
10946	1	185	185
10951	1	184	184
10958	1	182	183
10966	1	181	182
10973	1	180	181
10978	1	179	181
10985	1	178	180
10992	1	177	179
11000	1	176	178
11005	1	176	177
11012	1	175	177
11019	1	175	176
11027	1	174	175
11032	1	174	175
11037	1	174	174
11044	1	174	173
11051	1	174	173
11057	1	174	172
11064	1	174	171
11071	1	174	171
11078	1	174	170
11084	1	174	170
11091	1	173	169
11098	1	173	169
11111	1	173	168
11118	1	173	168
11125	1	173	168
11132	1	173	167
11138	1	172	167
11145	1	172	167
11152	1	172	166
11159	1	172	166
11165	1	172	166
11172	1	172	165
11179	1	172	165
11179	2	172	165
11239	2	176	163
11244	2	179	162
11251	2	182	161
11258	2	185	160
11265	2	189	159
11271	2	193	158
11278	2	197	156
11285	2	200	155
11292	2	203	154
11298	2	206	154
11305	2	208	153
11312	2	209	152
11320	2	210	152
11325	2	211	151
11332	2	211	151
11347	2	211	151
11373	2	211	151
11379	2	211	152
11387	2	210	153
11393	2	211	155
11400	2	211	157
11406	2	211	160
11412	2	212	163
11419	2	213	167
11426	2	213	171
11431	2	214	176
11439	2	215	180
11446	2	216	184
11453	2	217	188
11458	2	218	192
11466	2	219	196
11473	2	220	199
11480	2	221	202
11486	2	222	205
11493	2	223	207
11500	2	223	208
11508	2	224	209
11513	2	224	210
11520	2	224	210
11528	2	224	210
11535	2	224	209
11541	1	224	208
11548	1	223	206
11555	1	222	203
11563	1	221	200
11568	1	219	198
11575	1	217	196
11583	1	214	194
11590	1	211	193
11596	1	208	192
11603	1	205	192
11610	1	202	192
11618	1	200	192
11623	1	197	192
11630	1	195	193
11638	1	193	193
11645	1	191	193
11645	2	191	193
11699	2	193	189
11704	2	195	188
11711	2	197	187
11718	2	201	186
11726	2	204	185
11731	2	208	183
11738	2	211	182
11746	2	215	180
11753	2	219	179
11758	2	222	178
11765	2	224	177
11773	2	226	176
11780	2	228	176
11785	2	229	175
11792	2	230	175
11800	2	231	175
11807	2	231	175
11824	1	231	175
11831	1	231	175
11837	1	231	175
11844	1	231	175
11851	1	232	175
11859	1	234	176
11864	1	237	176
11871	1	240	176
11879	1	243	176
11885	1	247	177
11891	1	250	177
11898	1	254	177
11905	1	256	177
11912	1	259	176
11918	1	260	176
11925	1	262	176
11932	1	262	176
11952	1	261	176
11959	1	261	176
11966	1	260	175
11972	1	259	175
11979	1	259	175
11986	1	258	175
11993	1	258	174
11998	1	258	174
12006	1	258	173
12013	1	258	173
12020	1	259	172
12025	1	259	172
12033	1	260	171
12040	1	261	170
12047	1	262	170
12052	1	263	169
12060	1	264	168
12067	1	265	167
12073	1	266	166
12079	1	267	166
12086	1	268	165
12093	1	269	165
12099	1	270	164
12104	1	271	163
12111	1	272	163
12118	1	273	162
12125	1	274	162
12130	1	274	162
12137	1	275	161
12144	1	276	161
12150	1	276	160
12155	1	277	160
12162	1	277	159
12169	1	277	158
12170	2	277	158
12193	2	276	154
12200	2	276	152
12205	2	275	151
12212	2	275	149
12220	2	274	148
12226	2	272	147
12232	2	271	145
12239	2	269	145
12246	2	267	144
12254	2	265	144
12259	2	263	144
12266	2	261	145
12274	2	259	146
12280	2	257	147
12286	2	255	148
12289	2	254	150
12296	2	254	152
12303	2	253	153
12309	2	253	155
12316	2	254	156
12323	2	255	158
12331	2	256	159
12336	2	258	160
12343	2	260	161
12351	2	263	162
12358	2	266	163
12364	2	269	164
12371	2	273	165
12378	2	276	166
12386	2	279	168
12391	2	282	169
12398	2	285	170
12406	2	288	171
12413	2	291	172
12418	2	293	174
12426	2	295	176
12433	2	296	177
12440	2	297	180
12445	2	298	182
12452	2	298	184
12460	2	297	186
12467	2	296	188
12473	2	294	190
12480	2	292	192
12487	2	290	194
12494	2	288	195
12500	2	286	196
12507	2	284	196
12515	2	282	197
12522	2	280	197
12525	2	279	196
12531	2	277	195
12538	2	276	193
12545	2	275	190
12551	2	275	186
12558	2	275	182
12565	2	276	177
12573	2	277	172
12578	2	279	168
12585	2	280	164
12593	2	282	161
12600	2	283	159
12605	2	284	157
12613	2	285	156
12620	2	285	155
12627	2	286	154
12633	2	286	154
12640	2	286	154
12647	2	285	154
12655	1	285	154
12660	1	284	154
12667	1	284	155
12675	1	284	154
12682	1	284	154
12688	1	284	153
12695	1	286	153
12702	1	288	152
12710	1	290	152
12715	1	293	152
12723	1	296	151
12730	1	301	151
12737	1	304	151
12743	1	310	150
12750	1	314	150
12757	1	319	150
12764	1	324	150
12769	1	328	150
12777	1	332	150
12784	1	335	150
12791	1	337	151
12796	1	337	152
12803	1	336	153
12811	1	334	154
12818	1	330	156
12823	1	326	157
12831	1	321	159
12838	1	315	161
12845	1	310	163
12850	1	306	164
12857	1	302	165
12865	1	299	166
12872	1	296	166
12877	1	293	166
12885	1	291	166
12892	1	290	166
12899	1	289	165
12905	1	289	165
12912	1	289	164
12919	1	290	164
12927	1	292	163
12932	1	294	162
12939	1	297	162
12946	1	300	161
12954	1	303	160
12959	1	306	160
12965	1	310	159
12972	1	313	158
12977	1	316	158
12983	1	319	158
12990	1	321	157
12997	1	324	157
13004	1	326	156
13010	1	328	156
13017	1	329	155
13024	1	330	154
13032	1	331	154
13037	1	332	153
13044	1	332	152
13052	1	333	151
13059	1	333	150
13064	1	333	149
13071	1	334	148
13077	1	334	148
13084	1	335	147
13089	1	336	146
13096	1	337	145
13103	1	338	145
13111	1	339	144
13116	1	340	143
13123	1	342	143
13131	1	344	142
13138	1	345	141
13143	1	347	141
13151	1	348	140
13158	1	349	139
13165	1	349	138
13166	2	349	138
13197	2	347	134
13202	2	346	133
13210	2	344	132
13217	2	343	131
13222	2	342	131
13229	2	340	130
13236	2	339	130
13243	2	337	130
13249	2	335	131
13256	2	333	132
13263	2	331	133
13269	2	329	134
13275	2	327	137
13282	2	325	139
13289	2	324	141
13296	2	323	144
13301	2	323	147
13309	2	323	149
13316	2	324	151
13323	2	326	153
13328	2	328	154
13334	2	330	155
13341	2	333	155
13348	2	336	155
13353	2	339	154
13360	2	342	153
13366	2	345	151
13372	2	348	150
13378	2	351	148
13385	2	353	146
13392	2	354	144
13399	2	355	143
13405	2	355	141
13412	2	355	140
13419	2	355	139
13426	2	355	139
13432	2	354	138
13439	2	354	138
13446	2	354	138
13459	2	354	138
13466	2	354	139
13473	2	354	139
13481	2	354	140
13486	2	354	142
13493	2	354	144
13501	2	355	147
13508	2	355	150
13513	2	355	154
13521	2	356	158
13528	2	357	163
13535	2	357	167
13541	2	358	172
13548	2	359	176
13555	2	360	180
13563	2	361	184
13568	2	362	187
13576	2	363	190
13583	2	364	192
13590	2	364	194
13596	2	365	195
13603	2	366	196
13610	2	366	196
13618	2	366	196
13623	2	367	195
13630	2	367	194
13638	2	367	192
13645	2	367	190
13650	1	367	189
13658	1	367	187
13665	1	366	187
13672	1	365	187
13678	1	364	187
13685	1	364	187
13692	1	364	188
13700	1	365	189
13705	1	366	190
13713	1	367	191
13720	1	368	192
13727	1	369	193
13733	1	370	195
13740	1	371	197
13747	1	371	200
13755	1	372	204
13760	1	373	208
13767	1	371	211
13775	1	370	216
13782	1	366	220
13788	1	362	225
13795	1	359	231
13802	1	354	236
13810	1	350	240
13815	1	346	245
13822	1	340	249
13830	1	336	252
13837	1	330	254
13839	1	324	257
13846	1	319	258
13854	1	313	260
13861	1	308	261
13866	1	304	262
13872	1	301	262
13879	1	298	262
13887	1	297	262
13892	1	295	262
13899	1	294	261
13906	1	294	261
13914	1	293	261
13919	1	292	261
13926	1	291	261
13932	1	291	261
13939	1	291	260
13945	1	291	260
13952	1	292	260
13959	1	292	259
13967	1	292	259
13972	1	293	258
13979	1	293	258
13987	1	294	258
13994	1	294	258
13999	1	294	258
14006	1	295	258
14013	1	295	258
14026	1	295	258
14048	1	296	258
14053	1	296	257
14060	1	296	257
14067	1	296	257
14074	1	296	257
14080	1	295	256
14087	1	295	256
14094	1	295	256
14102	1	294	256
14107	1	294	255
14114	1	294	255
14121	1	294	254
14128	1	293	254
14134	1	293	253
14135	2	293	253
14160	2	291	249
14168	2	292	249
14175	2	292	248
14182	2	293	247
14188	2	295	247
14195	2	296	246
14202	2	298	245
14209	2	300	244
14215	2	303	244
14222	2	305	244
14229	2	307	244
14236	2	310	245
14242	2	312	246
14249	2	313	248
14256	2	314	249
14263	2	315	251
14269	2	316	253
14276	2	316	255
14283	2	316	257
14291	2	316	259
14296	2	315	261
14304	2	314	263
14311	2	312	265
14317	2	311	266
14323	2	309	268
14330	2	306	269
14337	2	304	270
14344	2	302	270
14350	2	300	270
14357	2	298	270
14364	2	297	270
14372	2	297	269
14377	2	296	268
14385	2	297	266
14392	2	298	265
14399	2	299	263
14404	1	301	261
14412	1	304	259
14419	1	306	258
14426	1	308	256
14432	1	311	254
14439	1	313	253
14447	1	315	251
14454	1	318	249
14459	1	321	248
14467	1	323	246
14474	1	325	244
14481	1	326	243
14487	1	327	241
14488	2	327	241
14514	2	326	237
14521	2	325	237
14528	2	324	237
14536	2	323	237
14541	2	322	238
14549	2	322	240
14556	2	321	241
14563	2	320	244
14569	2	320	246
14576	2	319	249
14583	2	319	252
14590	2	319	254
14596	2	320	257
14603	2	321	260
14611	2	322	262
14618	2	323	264
14623	2	325	265
14631	2	327	265
14638	2	330	265
14645	2	332	264
14651	2	335	263
14658	2	337	262
14665	2	339	261
14673	2	341	260
14677	2	342	258
14685	2	343	257
14692	2	344	256
14699	2	344	255
14704	2	344	255
14712	2	344	254
14719	2	343	254
14726	2	342	253
14732	1	341	253
14739	1	341	252
14746	1	340	252
14754	1	340	251
14759	1	339	250
14767	1	340	249
14773	1	340	248
14780	1	340	247
14785	1	341	246
14792	1	341	245
14800	1	342	243
14807	1	343	242
14812	1	343	241
14820	1	344	239
14827	1	344	238
14834	1	344	237
14840	1	344	236
14847	1	344	235
14854	1	343	234
14861	1	343	233
14866	1	342	232
14873	1	342	231
14880	1	342	231
14887	1	342	230
14893	1	341	229
14900	1	341	228
14907	1	341	228
14913	1	341	227
14918	1	341	226
14925	1	342	226
14932	1	342	225
14940	1	342	224
14945	1	342	224
14952	1	342	223
14960	1	342	223
14967	1	342	223
14979	1	341	222
14987	1	341	222
14995	1	341	222
14999	1	340	222
15006	1	340	221
15013	1	340	220
15014	2	340	220
15053	2	340	216
15060	2	342	215
15068	2	344	214
15075	2	346	213
15080	2	348	212
15088	2	350	212
15095	2	352	211
15102	2	353	211
15107	2	355	211
15114	2	356	212
15122	2	356	213
15129	2	357	214
15134	2	358	216
15142	2	358	217
15149	2	358	219
15156	2	358	221
15162	2	358	223
15169	2	357	224
15176	2	357	226
15184	2	356	227
15189	2	355	229
15196	2	353	230
15204	2	352	231
15211	2	350	232
15217	2	349	233
15223	2	347	233
15230	2	346	234
15238	2	345	234
15243	2	344	234
15250	2	344	234
15285	2	344	234
15292	2	345	234
15297	2	346	234
15304	2	347	234
15311	2	348	233
15318	2	350	233
15323	2	353	232
15331	2	356	231
15338	2	359	230
15345	2	364	229
15350	2	369	228
15358	2	374	227
15365	2	379	226
15372	2	383	225
15377	2	387	224
15385	2	390	223
15392	2	392	223
15399	2	393	223
15401	2	394	223
15408	2	394	223
15428	2	394	223
15435	2	393	223
15442	2	392	223
15449	2	392	223
15455	2	391	223
15462	2	390	223
15469	2	390	223
15476	1	390	223
15489	1	390	223
15496	1	390	222
15504	1	391	222
15509	1	392	222
15516	1	393	222
15524	1	395	223
15531	1	398	223
15537	1	400	223
15544	1	403	223
15551	1	405	223
15558	1	407	224
15564	1	409	223
15571	1	410	223
15577	1	411	222
15583	1	413	222
15588	1	413	221
15595	1	414	220
15602	1	414	220
15609	1	415	219
15614	1	415	218
15621	1	415	218
15628	1	415	217
15635	1	416	217
15640	1	416	217
15647	1	417	217
15654	1	417	218
16037	1	415	218
16043	1	413	219
16051	1	412	219
16057	1	407	219
16064	1	405	219
16071	1	403	219
16078	1	402	219
16091	1	401	219
16233	1	399	219
16240	1	396	219
16247	1	385	219
16255	1	370	219
16262	1	356	224
16269	1	330	226
16276	1	306	228
16283	1	280	234
16290	1	250	236
16298	1	226	236
16305	1	202	236
16312	1	189	236
16319	1	182	236
16326	1	176	233
16333	1	171	231
16341	1	163	227
16348	1	159	224
16355	1	152	219
16362	1	144	215
16369	1	137	209
16377	1	130	200
16383	1	120	193
16391	1	109	189
16398	1	94	176
16405	1	86	167
16412	1	74	157
16419	1	67	149
16426	1	63	144
16433	1	57	138
16440	1	54	136
16448	1	52	133
16455	1	49	129
16462	1	48	128
16469	1	46	126
16476	1	46	125
16484	1	45	122
16491	1	45	119
16498	1	45	115
16505	1	45	109
16512	1	45	106
16518	1	45	97
16525	1	45	90
16533	1	45	82
16539	1	45	77
16546	1	45	74
16552	1	47	70
16559	1	47	69
16566	1	48	66
16573	1	49	65
16580	1	52	62
16587	1	53	60
16593	1	55	59
16600	1	57	58
16607	1	59	56
16614	1	62	54
16621	1	65	50
16627	1	67	49
16634	1	69	46
16640	1	73	43
16654	1	74	41
16661	1	75	40
16667	1	77	38
16674	1	78	37
16688	1	81	35
16694	1	82	34
16701	1	84	33
16707	1	87	32
16714	1	89	31
16721	1	90	29
16728	1	92	28
16735	1	94	27
16742	1	95	25
16748	1	96	24
16756	1	98	22
16763	1	99	20
16770	1	100	18
16777	1	102	16
16784	1	102	13
16791	1	103	11
16798	1	104	10
16806	1	104	8
16813	1	105	6
16820	1	106	5
16827	1	107	4
16835	1	108	3
16856	1	109	2
16863	1	109	1
16870	1	109	0
17649	0	0	0
